$ 1 0.000005 0.07470175003104325 50 5 43 5e-11
r 336 80 336 160 0 10
s 272 80 336 80 0 0 false
c 336 160 208 160 4 0.000015 2.1101871129119916 -10 0
v 176 80 272 80 0 0 40 5 0 0 0.5
w 176 80 176 144 0
w 208 160 176 160 0
w 176 160 176 144 0
162 336 208 176 208 2 default-led 1 0 0 0.01
w 336 160 336 208 0
w 176 208 176 160 0
w 336 208 336 240 0
w 176 208 176 240 0
w 176 368 176 400 0
w 336 368 336 400 0
w 176 368 176 320 0
w 336 320 336 368 0
162 336 368 176 368 2 default-led 1 0 0 0.01
w 176 320 176 304 0
w 208 320 176 320 0
c 336 320 208 320 4 0.000015 1.8442342209111795 -10 0
r 336 240 336 320 0 10
w 176 528 176 480 0
w 336 480 336 528 0
162 336 528 176 528 2 default-led 1 0 0 0.01
w 176 480 176 464 0
w 208 480 176 480 0
c 336 480 208 480 4 0.000015 1.763567455320806 -10 0
r 336 400 336 480 0 10
w 176 304 176 240 0
w 176 464 176 400 0
o 2 64 0 4099 5 0.4 0 2 2 3
o 0 64 0 4099 5 0.4 1 2 0 3
38 2 F1 0 0.000001 0.000101 -1 Capacitance
38 0 F1 0 1 101 -1 Resistance
